11111111111011111111011111111111110000
01101010000010010000011110110110000000
11110101111011111111111111111111110000
11111111111011111111111111111110000000
11111010000010011000000011110000000000
00100100000010010000000000000000000000
11111111111011111100111111111111110000
11111011111011111011011111111111110000
11111111111011111111111100111111110000
00111111111001111111111100111111110000
11111111111010011100111111111110000000
00010001111001100011011111111111110000
11111111111011111111111111110101110000
11011111111011111111101111111111110000
00000011000000000000000000000000000000