0010110000010010000000010101001000101111000101100000000100110000
1110100000000011110011001000101101010110010000110010111011000001
1111010000010101011100111010000100101100110010011100010101111111
1110010001110000101111001000100110110110111101010111111111111011
0010110000000000110000010001101000000111111111111111111011111110
1111011000011011011111111011001100011100000101100100010011110001
1111110010000100001100111101001101111110111010110011110100110011
0110010000001000100101001010001100111111110001111100111111001001
0001000000000000000000000000000001100000000000000000000100000001
1111000000000000100011001000000100000000010000010000111000000001
0110000000000000001100111000000100110100010100010010010101001101
1110000000000000001111001000000101111101011101010000111110000011
1111101111111101001111111010110111110011111010001011010111001111
1111100111111100100000001111111110111111111010111111001100111111
0111101101101010100011101100010111111101111101000111011101001101
0110101110110111010101111111011101111101011111011111111110110111
1111011111111111111111101111111110011101110101110110101011110000
1111011111110111011101111111110011111101100101000110000100110001
1111011111110111110111011001011111111111111011101111111110000011
1111011111111111110000111111111111111101010011111111111111111101
0000100000010000010000010001000001001111001010001001000100001111
1110100000001000000011001000000101010010010010001011010011001111
1110100000010000010000001111100100111110110100010111010111001101
0110100000000000001111001000000111111101111101010110111110000001
