1111101111101111111111101011011111111111001111111111101100001111
1111101111111111110100111100110011101111111111001011101111111111
0111111111111111101111111111110111100111111001100100111111110011
1111101111111111110000111101111111111111111011111011111110110111
0010000011000110100000010001000001000101110001010110111111110000
1110010000011011101111101110101000001100010100010100001000110001
1110011110000101011100111001000101110100111011101110110111110011
0110001001111010001111001001101111111111011111111011111110010011
0000010000000000100000010100000000100000010101010100011000000000
1110000000000000001100101000101000000000000101110010000000000001
1110000000000000010000001000001100100100010010100000010100000011
1110000000000000000000001000000100110100010001010001111111110001
1110001111101111001111111110010110011100100000000010110011110001
1111000111110111100100111100011011111101100000110110111111110001
1110011111110111111111111010110111111111011111011111111100111101
1110011111001111011111111101111110110110110111111110111110000111
1111111111111111111111111111111111111111111111111111111111111111
1111111111111111011111111111111111111111111111111111111111111111
1111111111111111111111101111111111111111111110111111111111111111
0111110110111101111111111110111111111111111101011111111111111101
0000000010000011101100110100010010001111000011000000001000111110
1110001111100011000011101000000001000000001000101000000000000001
0110101101001111000000011111101100100100010010100110010100000011
0110000101010100110000001001000110110100010001110000111110000001
