1111111101111100010000001001011111110001001110111111110100001111
1111110011101100110011111100011110011101110111010101111011111111
1111110010110111101100101110110110110110110101111001110111111101
1111111110111111001111111100110101111111111111011110111111001011
1111111001111111010000001001001101110110111111111111110111001111
1111011100111111110000011111111110111101110111010111111111111111
0111101010101111101100111001011111111111111111011001111111111101
0111111010001011101111111010011101111111111111011101111110110111
0010001000010000100011010100010010000111110011000000001011001110
1110100000000110001111001011000000000111001000100000000000000001
0111111010011000010011011111101101111101111010100010010100000011
1110000000110100000000001100001100111101010001010110111111001001
0010000110010011101100110110100010000110110000000000001011000000
1110101111010001000000101011100000100111001000100010000100000001
0111111111011101010011011000101101111101111000100010011100000011
1110000101110100110000001111001110111101010001110111111111111101
0010000100000000100000110100010010001110110011000000001011111110
1110100011110110000000101011100001000111001000101010000000000001
1111010000011101010011011101001101111101111010100110010100000011
1110000100110100000000001111101110111101010001110110111111001001
0000001100000010001111100110100010001111010011000000000000001110
1110101101100100000011101001100001000010001000100000000000000001
1110011010011101010011011100101100100100011010100010010100000001
1110000101110000010000001110000100110100010001010010111111001001
