1111000010000011100000111010110010110110100011000110101111111111
1110000110111010101100001001110110001110111000100110011000000001
0110011100101100010000111011001110110101010111011000110111001111
0110000001000100001111111110100101111110111111111010111111111011
1110001000000111001100011110100110101110100001000000110111110001
1110101000000011101100001011110101000111010001111000111011000001
1110101111110011001100111111111100110101010111110110110111001111
0110000111010001111111111011100111111111111111110010111110000011
1110001010000111001111111100010010101111100011000010100111111111
1110101100000011100000001000010101000111011000101110011000000001
0110101111101000000000101111011110110101010001110110110111001101
1110000011100101111111111101100111111111111111111000111110000011
