1011001000001001111111111000010000000000000001011010001101100010
0010100000101000101100000101001101001001101100110000011010010101
1110100111110000100000100010011100011000101111011110001101101110
1110100001110101110000000001101001111010111100111111111011111101
0111101000110000101100100000110000110100110011110101111111111011
0001100000010000110011111011001100001001001100011010101111100110
1111100010101000111100111101101101011001111110011111001101101100
1111100001110001110000000000101001101010101100101000011110010101
1110000000000000100000000000110001000000000000000000001000000000
0010000000000000100000011010001000000000001100100000011000010101
0110000000100000100000100100001000001000101101000000001010000110
1110000001100000110000000000001001101000101100101001111010001100
1010010111011110100000100001001111111111111110000101001010001100
1111011111101111000000000000111010111110111011111111011101111101
1110011001101111100011011001001111111101111001100101111010010111
1111011111101010111111111110111011111101111111111101011111101110
0011111111111111011111011001011110001011101101111010111111110111
1111111111111111111111100101111111101010101101011010101101100110
0111111111111111111111100011111011101111111110100011111000011101
1111111111111111101111111110111111101101111111111010011111110111
1100000000100000010001100110110001110100010010011111001100001000
0001000000110000000100000000001101010101001010000101001010001101
1111000000100000110000011100101000011010101001010111001110000100
1111000001110000100000000001001101111010101100111101011111000100
