1011011111111111110100000111011111111111011111111111011100011111
1110111111011111110011111111111011111111011111111111111011111110
1111011111100111101111111010101111111110111110111110111111111111
1110011111111111111111111111111011111111101111101101111010101110
1101001100011001101111100000110001000000100001110000111011110010
0001100000011010111111011111001000001000101000111010111101110100
0111000111111000111100100111101101001011111010001010001011101110
1111010001111101100000000000111101101000111110111011011110101101
0000000000000000001111111000000000000000100000100000111000010011
0000000000000000011111000001001000001000101000000000001000000110
0110100000101000111100000000011100001000101010000000001000001100
1110000001100000100000000000001000101000111100101000011010100100
0001011111010111100111111111001110001011001101011010101111100100
1101111111100111111100111110111011100011101001111010111111110101
1110011110111111110011100010111111101101111101111001111101110111
1111111111100111101111111111111110101111111111111010011110011110
1111111111111111111111111111111111111111111111111111111111111111
1111111111111101011111111111111111111111111111011111101111101111
0111111111111111111111011111111111111111111111111111111111111101
1111101111111110111111111111111111111111111101111111111111110111
1100010111001110100011111110000010000100000111110010111001111010
0000001110011101001100000011001001000000011001000000101000000100
1110111000100101110000101100111000001000101010010110101000001100
1110111111100010100000100010011010101000101100101000011010000100
