1111111011101101011100000110111111111100110110001101001100001001
1110110101101111100000111111111110111101001111111101011011111111
0111101111100010100000011110001110111110111101010000101111100110
1111110101111101110000111111101111111111101110101111111110011101
0010111010010011011111000000111111111100111110011101101110001101
1111010001000110101100111010111110011111101110111111111111111111
1111000110111101110000001001001111111111111111101001111111110111
1111000011111111100000010101101101111111111111111011111111101110
0101010001111011100000100110000000000111000011110000011010011010
0001110000101010010011000011001000001010011001010010001100000100
0110110111111001111111011101011001001001101010010001001000001100
1110110101100000111100101010101000101000101100101100011010010101
1001000101111101100011111111000010000011001001110000111010010110
0001101110101111011100000010001010001010111000010010101100000100
1110111111110111110011101001011001001001101000111001011000011101
1110111111100010111111000000111000101000111101111100011011110111
0101000001111111100000111000000000000111000011110010011011111010
0001101100111111010000000110001011001010011001010010001100000100
0110110001111011110011111111111001001001101010010111001000001100
1110110101100000111100001010111010101000101100101100011010010101
1101000011111001100011000101000010000111000110010010101000001000
0000101100101110011111000001001011100000111001000000001000000100
1110110111111111110011011100011000001000101010010000101000000100
1110101111100010101111101010001010101000111100101100011010010101
