0100010001000010100000100001111010001111000111110000111011111011
1110100010000101111100000100101000101011011101100000111100010111
0110011000100001101111110110101010101101101111001000001010001110
1110100011111000111100011110101101101111101110111111011111111101
1101010100010010100011111011011000000011000000010010001011100011
1110011010010001101111000111001001001011001100100000011110010111
1111111000100101111100001111011110101001101111000110101010001110
1111111001100010110011110110111111101010101110101101111110001100
0001010111111110000011111010011000000111000111010010101011101010
1110011010111001111111000110101001101011011100100000111100010101
1111111001100101111111111010111010101001101101000110001010000110
1111011011100010100000011100111101101110101110101101011010001100
